# Camera list with one line of data per camera:
#   CAMERA_ID, MODEL, WIDTH, HEIGHT, PARAMS[]
# Number of cameras: 14
9 SIMPLE_PINHOLE 512 384 403.91298213233722 256 192
7 SIMPLE_PINHOLE 512 384 381.54933785439431 256 192
6 SIMPLE_PINHOLE 512 384 392.62331998357206 256 192
5 SIMPLE_PINHOLE 512 384 387.80700450111971 256 192
4 SIMPLE_PINHOLE 512 384 401.01983473221492 256 192
3 SIMPLE_PINHOLE 512 384 390.42860692694029 256 192
2 SIMPLE_PINHOLE 512 384 391.69270167033653 256 192
15 SIMPLE_PINHOLE 512 384 392.29399854411719 256 192
1 SIMPLE_PINHOLE 512 384 376.64577486841597 256 192
14 SIMPLE_PINHOLE 512 384 402.34741317287586 256 192
13 SIMPLE_PINHOLE 512 384 387.32386582499515 256 192
12 SIMPLE_PINHOLE 512 384 387.15257137996133 256 192
11 SIMPLE_PINHOLE 512 384 393.14427776658141 256 192
10 SIMPLE_PINHOLE 512 384 377.09468105085074 256 192
